           benz  	-232.248364	-232.161987	-231.916406	-6.717600	4.566900	-12.895700	9.033000	-2.350400	3.341300	-3.341300	11.383500	0.087800	0.490400	2.403600
         benzBN  	-242.670033	-242.567667	-242.307663	-7.492300	4.904300	-13.367300	9.860600	-2.785500	3.537500	-3.537500	12.646100	0.079100	0.494800	1.628900
      anthraene  	-539.529916	-539.528771	-539.276910	-5.231200	1.659600	-10.095500	6.884700	-0.031200	3.426700	-3.426700	6.915800	0.144600	0.849000	3.890000
   anthraceneBN  	-563.909058	-563.852236	-563.599336	-6.705600	3.104400	-11.410000	8.428000	-1.546200	3.440900	-3.440900	9.974200	0.100300	0.593500	2.415600
       coronene  	-921.896854	-921.896513	-921.644877	-5.451600	1.398600	-9.183500	6.856700	-0.009300	3.423700	-3.423700	6.865900	0.145600	0.853600	3.669600
     coroneneBN  	-963.733580	-963.675880	-963.433030	-6.727300	2.920200	-10.190300	8.178400	-1.570100	3.304100	-3.304100	9.748500	0.102600	0.559900	2.393900
    naphthalene  	-385.892282	-385.857798	-385.609171	-5.797500	2.797400	-11.453100	7.703900	-0.938400	3.382700	-3.382700	8.642200	0.115700	0.662000	3.323700
  naphthaleneBN  	-403.289865	-403.217817	-402.963154	-6.932400	3.730900	-12.160800	8.890300	-1.960500	3.464900	-3.464900	10.850800	0.092200	0.553200	2.188800
      ph4linear  	-693.165052	-693.186529	-692.932296	-4.857400	0.876700	-9.195300	6.333600	0.584400	3.459000	-3.459000	5.749200	0.173900	1.040600	4.263800
    ph4linearBN  	-724.528284	-724.479779	-724.228018	-6.617500	2.725300	-10.735200	8.170700	-1.319900	3.425400	-3.425400	9.490500	0.105400	0.618200	2.503700
   phenanthrene  	-539.538049	-539.512175	-539.265058	-5.739600	2.363900	-10.453900	7.428500	-0.704100	3.362200	-3.362200	8.132500	0.123000	0.695000	3.381600
 phenanthreneBN  	-563.911117	-563.845350	-563.594913	-6.880400	3.368200	-11.224500	8.604300	-1.789600	3.407400	-3.407400	10.394000	0.096200	0.558500	2.240800
         pyrene  	-615.772472	-615.767303	-615.517538	-5.329800	1.729600	-10.058700	6.937100	-0.140600	3.398200	-3.398200	7.077700	0.141300	0.815800	3.791400
       pyreneBN  	-643.644177	-643.582176	-643.335586	-6.701900	3.283700	-11.101300	8.397200	-1.687100	3.355000	-3.355000	10.084300	0.099200	0.558100	2.419300
