 Note: the E(HOMO) of TCE used for evaluating nucleophilicity index is the value evaluated at B3LYP/6-31G* level
 
 Hirshfeld charges, condensed Fukui functions and condensed dual descriptors
 Units used below are "e" (elementary charge)
     Atom     q(N)    q(N+1)   q(N-1)     f-       f+       f0      CDD
     1(B )   0.1580   0.0823   0.1892   0.0312   0.0757   0.0535   0.0445
     2(H )  -0.0679  -0.0950  -0.0468   0.0211   0.0271   0.0241   0.0060
     3(B )   0.1730   0.0743   0.1979   0.0248   0.0987   0.0618   0.0739
     4(H )  -0.0641  -0.0931  -0.0454   0.0187   0.0290   0.0239   0.0103
     5(B )   0.1730   0.0743   0.1979   0.0248   0.0987   0.0618   0.0739
     6(H )  -0.0641  -0.0931  -0.0454   0.0187   0.0290   0.0239   0.0103
     7(B )   0.1580   0.0823   0.1892   0.0312   0.0757   0.0534   0.0445
     8(H )  -0.0679  -0.0950  -0.0468   0.0211   0.0271   0.0241   0.0060
     9(B )   0.1421   0.0565   0.1793   0.0372   0.0857   0.0614   0.0485
    10(H )  -0.0727  -0.1068  -0.0474   0.0254   0.0341   0.0297   0.0087
    11(B )   0.1987   0.1739   0.2243   0.0256   0.0248   0.0252  -0.0009
    12(B )   0.1964   0.1818   0.2245   0.0280   0.0146   0.0213  -0.0135
    13(B )   0.1987   0.1739   0.2243   0.0256   0.0248   0.0252  -0.0009
    14(B )   0.1421   0.0565   0.1793   0.0372   0.0857   0.0614   0.0485
    15(H )  -0.0727  -0.1068  -0.0474   0.0254   0.0341   0.0297   0.0087
    16(N )  -0.2027  -0.2220  -0.1423   0.0605   0.0193   0.0399  -0.0412
    17(H )   0.1307   0.1103   0.1588   0.0281   0.0203   0.0242  -0.0077
    18(N )  -0.2028  -0.2126  -0.1839   0.0189   0.0097   0.0143  -0.0091
    19(N )  -0.2038  -0.2151  -0.2002   0.0036   0.0113   0.0075   0.0077
    20(N )  -0.2028  -0.2126  -0.1839   0.0189   0.0097   0.0143  -0.0091
    21(N )  -0.2027  -0.2220  -0.1423   0.0604   0.0193   0.0398  -0.0412
    22(H )   0.1307   0.1104   0.1588   0.0281   0.0203   0.0242  -0.0077
    23(N )  -0.2114  -0.2281  -0.1596   0.0518   0.0167   0.0342  -0.0351
    24(H )   0.1250   0.1068   0.1479   0.0230   0.0182   0.0206  -0.0048
    25(N )  -0.2223  -0.2336  -0.1340   0.0882   0.0113   0.0498  -0.0769
    26(H )   0.1201   0.1036   0.1498   0.0297   0.0165   0.0231  -0.0131
    27(N )  -0.2223  -0.2336  -0.1340   0.0883   0.0113   0.0498  -0.0769
    28(H )   0.1201   0.1036   0.1498   0.0297   0.0165   0.0231  -0.0131
    29(N )  -0.2114  -0.2281  -0.1596   0.0518   0.0167   0.0342  -0.0352
    30(H )   0.1250   0.1068   0.1479   0.0230   0.0181   0.0206  -0.0048
 
 Condensed local electrophilicity/nucleophilicity index (e*eV)
     Atom              Electrophilicity          Nucleophilicity
     1(B )                  0.04679                  0.07815
     2(H )                  0.01677                  0.05294
     3(B )                  0.06102                  0.06217
     4(H )                  0.01793                  0.04686
     5(B )                  0.06102                  0.06217
     6(H )                  0.01793                  0.04686
     7(B )                  0.04679                  0.07813
     8(H )                  0.01677                  0.05293
     9(B )                  0.05295                  0.09310
    10(H )                  0.02106                  0.06350
    11(B )                  0.01533                  0.06421
    12(B )                  0.00901                  0.07020
    13(B )                  0.01532                  0.06422
    14(B )                  0.05295                  0.09312
    15(H )                  0.02105                  0.06351
    16(N )                  0.01191                  0.15135
    17(H )                  0.01257                  0.07030
    18(N )                  0.00602                  0.04728
    19(N )                  0.00698                  0.00909
    20(N )                  0.00602                  0.04727
    21(N )                  0.01191                  0.15131
    22(H )                  0.01257                  0.07029
    23(N )                  0.01030                  0.12969
    24(H )                  0.01122                  0.05752
    25(N )                  0.00699                  0.22093
    26(H )                  0.01022                  0.07426
    27(N )                  0.00699                  0.22097
    28(H )                  0.01022                  0.07427
    29(N )                  0.01030                  0.12974
    30(H )                  0.01122                  0.05752
 
 Condensed local softnesses (Hartree*e) and relative electrophilicity/nucleophilicity (dimensionless)
     Atom         s-          s+          s0        s+/s-       s-/s+
     1(B )      0.0895      0.2170      0.1533      2.4251      0.4123
     2(H )      0.0606      0.0778      0.0692      1.2833      0.7793
     3(B )      0.0712      0.2830      0.1771      3.9750      0.2516
     4(H )      0.0537      0.0832      0.0684      1.5496      0.6453
     5(B )      0.0712      0.2830      0.1771      3.9751      0.2516
     6(H )      0.0537      0.0832      0.0684      1.5498      0.6453
     7(B )      0.0895      0.2170      0.1532      2.4256      0.4123
     8(H )      0.0606      0.0778      0.0692      1.2835      0.7791
     9(B )      0.1066      0.2456      0.1761      2.3038      0.4341
    10(H )      0.0727      0.0977      0.0852      1.3430      0.7446
    11(B )      0.0735      0.0711      0.0723      0.9667      1.0344
    12(B )      0.0804      0.0418      0.0611      0.5199      1.9234
    13(B )      0.0735      0.0711      0.0723      0.9665      1.0346
    14(B )      0.1066      0.2456      0.1761      2.3030      0.4342
    15(H )      0.0727      0.0977      0.0852      1.3426      0.7448
    16(N )      0.1733      0.0552      0.1143      0.3186      3.1383
    17(H )      0.0805      0.0583      0.0694      0.7243      1.3806
    18(N )      0.0541      0.0279      0.0410      0.5161      1.9378
    19(N )      0.0104      0.0324      0.0214      3.1100      0.3215
    20(N )      0.0541      0.0279      0.0410      0.5160      1.9378
    21(N )      0.1733      0.0552      0.1143      0.3187      3.1374
    22(H )      0.0805      0.0583      0.0694      0.7245      1.3803
    23(N )      0.1485      0.0478      0.0981      0.3216      3.1099
    24(H )      0.0659      0.0520      0.0590      0.7901      1.2656
    25(N )      0.2530      0.0324      0.1427      0.1282      7.7987
    26(H )      0.0850      0.0474      0.0662      0.5572      1.7946
    27(N )      0.2530      0.0324      0.1427      0.1282      7.7999
    28(H )      0.0851      0.0474      0.0662      0.5572      1.7948
    29(N )      0.1486      0.0478      0.0982      0.3214      3.1110
    30(H )      0.0659      0.0520      0.0590      0.7900      1.2659
 
 E(N):     -724.528284 Hartree
 E(N+1):   -724.479779 Hartree
 E(N-1):   -724.228018 Hartree
 E_HOMO(N):     -0.243188 Hartree,   -6.6175 eV
 E_HOMO(N+1):    0.100153 Hartree,    2.7253 eV
 E_HOMO(N-1):   -0.394512 Hartree,  -10.7352 eV
 Vertical IP:    0.300266 Hartree,    8.1707 eV
 Vertical EA:   -0.048505 Hartree,   -1.3199 eV
 Mulliken electronegativity:     0.125881 Hartree,    3.4254 eV
 Chemical potential:            -0.125881 Hartree,   -3.4254 eV
 Hardness (=fundamental gap):    0.348771 Hartree,    9.4905 eV
 Softness:    2.867212 Hartree^-1,    0.1054 eV^-1
 Electrophilicity index:    0.022717 Hartree,    0.6182 eV
 Nucleophilicity index:     0.092010 Hartree,    2.5037 eV
