   B	3.75784799	1.47574887	-0.00034555
   H	3.77132401	2.66561768	-0.00045827
   B	1.25098772	1.46290680	0.00072180
   H	1.24759516	2.65132407	0.00116578
   B	-1.25097131	1.46289516	0.00021538
   H	-1.24778672	2.65129814	-0.00000953
   B	-3.75774585	1.47575787	-0.00032333
   H	-3.77112769	2.66562191	-0.00094352
   B	-5.02748073	-0.69168229	-0.00031063
   H	-6.06377172	-1.28031948	-0.00087526
   B	-2.51521545	-0.70536681	-0.00013917
   B	-0.00005398	-0.71444379	0.00058051
   B	2.51516571	-0.70524563	0.00024871
   B	5.02748338	-0.69181564	-0.00063660
   H	6.06379712	-1.28040203	-0.00064665
   N	4.97777776	0.73760535	-0.00063237
   H	5.84388164	1.24999551	-0.00085462
   N	2.50625172	0.75332562	0.00013018
   N	0.00001270	0.74488471	0.00085833
   N	-2.50622949	0.75319597	-0.00022490
   N	-4.97774707	0.73769584	-0.00001005
   H	-5.84384301	1.25009552	-0.00026353
   N	-3.78300348	-1.38381068	-0.00048684
   H	-3.80228194	-2.39057939	-0.00043657
   N	-1.26004988	-1.39591772	0.00011166
   H	-1.26518554	-2.40354952	-0.00006086
   N	1.26003400	-1.39586745	0.00086362
   H	1.26504531	-2.40352095	0.00115837
   N	3.78300031	-1.38379798	-0.00026618
   H	3.80193480	-2.39055187	-0.00023284
   B	3.75784799	1.47574887	-0.00034555
   H	3.77132401	2.66561768	-0.00045827
   B	1.25098772	1.46290680	0.00072180
   H	1.24759516	2.65132407	0.00116578
   B	-1.25097131	1.46289516	0.00021538
   H	-1.24778672	2.65129814	-0.00000953
   B	-3.75774585	1.47575787	-0.00032333
   H	-3.77112769	2.66562191	-0.00094352
   B	-5.02748073	-0.69168229	-0.00031063
   H	-6.06377172	-1.28031948	-0.00087526
   B	-2.51521545	-0.70536681	-0.00013917
   B	-0.00005398	-0.71444379	0.00058051
   B	2.51516571	-0.70524563	0.00024871
   B	5.02748338	-0.69181564	-0.00063660
   H	6.06379712	-1.28040203	-0.00064665
   N	4.97777776	0.73760535	-0.00063237
   H	5.84388164	1.24999551	-0.00085462
   N	2.50625172	0.75332562	0.00013018
   N	0.00001270	0.74488471	0.00085833
   N	-2.50622949	0.75319597	-0.00022490
   N	-4.97774707	0.73769584	-0.00001005
   H	-5.84384301	1.25009552	-0.00026353
   N	-3.78300348	-1.38381068	-0.00048684
   H	-3.80228194	-2.39057939	-0.00043657
   N	-1.26004988	-1.39591772	0.00011166
   H	-1.26518554	-2.40354952	-0.00006086
   N	1.26003400	-1.39586745	0.00086362
   H	1.26504531	-2.40352095	0.00115837
   N	3.78300031	-1.38379798	-0.00026618
   H	3.80193480	-2.39055187	-0.00023284
