 Note: the E(HOMO) of TCE used for evaluating nucleophilicity index is the value evaluated at B3LYP/6-31G* level
 
 Hirshfeld charges, condensed Fukui functions and condensed dual descriptors
 Units used below are "e" (elementary charge)
     Atom     q(N)    q(N+1)   q(N-1)     f-       f+       f0      CDD
     1(C )  -0.0422  -0.0683  -0.0153   0.0269   0.0261   0.0265  -0.0008
     2(C )  -0.0029  -0.0431   0.0379   0.0408   0.0402   0.0405  -0.0006
     3(C )   0.0008  -0.0179   0.0190   0.0182   0.0187   0.0184   0.0005
     4(C )   0.0008  -0.0077   0.0080   0.0072   0.0085   0.0078   0.0013
     5(C )  -0.0029  -0.0207   0.0110   0.0140   0.0177   0.0158   0.0037
     6(C )  -0.0422  -0.0886   0.0104   0.0526   0.0464   0.0495  -0.0062
     7(C )   0.0008  -0.0093   0.0128   0.0119   0.0102   0.0110  -0.0018
     8(C )   0.0008  -0.0093   0.0128   0.0119   0.0102   0.0110  -0.0018
     9(C )   0.0008  -0.0179   0.0190   0.0182   0.0187   0.0184   0.0005
    10(C )   0.0008  -0.0077   0.0080   0.0072   0.0085   0.0078   0.0013
    11(C )  -0.0029  -0.0431   0.0379   0.0408   0.0402   0.0405  -0.0006
    12(C )  -0.0422  -0.0674  -0.0166   0.0257   0.0252   0.0254  -0.0005
    13(C )  -0.0422  -0.0845  -0.0020   0.0402   0.0423   0.0412   0.0021
    14(C )  -0.0030  -0.0247   0.0234   0.0264   0.0217   0.0240  -0.0046
    15(C )  -0.0423  -0.0900   0.0007   0.0430   0.0477   0.0453   0.0047
    16(C )  -0.0422  -0.0932   0.0120   0.0541   0.0510   0.0526  -0.0031
    17(H )   0.0433   0.0167   0.0686   0.0253   0.0267   0.0260   0.0013
    18(H )   0.0433   0.0173   0.0671   0.0238   0.0260   0.0249   0.0022
    19(H )   0.0433   0.0220   0.0646   0.0213   0.0213   0.0213   0.0000
    20(H )   0.0433   0.0182   0.0681   0.0248   0.0252   0.0250   0.0004
    21(H )   0.0433   0.0223   0.0643   0.0209   0.0210   0.0210   0.0001
    22(H )   0.0433   0.0191   0.0663   0.0229   0.0242   0.0236   0.0013
    23(C )  -0.0422  -0.0674  -0.0166   0.0257   0.0252   0.0254  -0.0005
    24(C )  -0.0422  -0.0845  -0.0020   0.0402   0.0423   0.0412   0.0021
    25(C )  -0.0030  -0.0247   0.0234   0.0264   0.0217   0.0240  -0.0046
    26(H )   0.0433   0.0223   0.0643   0.0209   0.0210   0.0210   0.0001
    27(H )   0.0433   0.0191   0.0663   0.0229   0.0242   0.0236   0.0013
    28(C )  -0.0423  -0.0900   0.0007   0.0430   0.0477   0.0453   0.0047
    29(C )  -0.0422  -0.0932   0.0120   0.0541   0.0510   0.0526  -0.0031
    30(C )  -0.0029  -0.0207   0.0110   0.0140   0.0177   0.0158   0.0037
    31(H )   0.0433   0.0173   0.0671   0.0238   0.0260   0.0249   0.0022
    32(H )   0.0433   0.0167   0.0686   0.0253   0.0267   0.0260   0.0013
    33(C )  -0.0422  -0.0683  -0.0153   0.0269   0.0261   0.0265  -0.0008
    34(H )   0.0433   0.0220   0.0646   0.0213   0.0213   0.0213   0.0000
    35(C )  -0.0422  -0.0886   0.0104   0.0526   0.0464   0.0495  -0.0062
    36(H )   0.0433   0.0182   0.0681   0.0248   0.0252   0.0250   0.0004
 
 Condensed local electrophilicity/nucleophilicity index (e*eV)
     Atom              Electrophilicity          Nucleophilicity
     1(C )                  0.02224                  0.09867
     2(C )                  0.03431                  0.14966
     3(C )                  0.01595                  0.06668
     4(C )                  0.00725                  0.02637
     5(C )                  0.01513                  0.05128
     6(C )                  0.03962                  0.19307
     7(C )                  0.00867                  0.04382
     8(C )                  0.00867                  0.04382
     9(C )                  0.01595                  0.06668
    10(C )                  0.00725                  0.02637
    11(C )                  0.03431                  0.14966
    12(C )                  0.02150                  0.09421
    13(C )                  0.03608                  0.14755
    14(C )                  0.01854                  0.09671
    15(C )                  0.04071                  0.15765
    16(C )                  0.04353                  0.19868
    17(H )                  0.02276                  0.09296
    18(H )                  0.02222                  0.08742
    19(H )                  0.01819                  0.07809
    20(H )                  0.02147                  0.09098
    21(H )                  0.01795                  0.07684
    22(H )                  0.02069                  0.08417
    23(C )                  0.02150                  0.09421
    24(C )                  0.03608                  0.14755
    25(C )                  0.01854                  0.09671
    26(H )                  0.01795                  0.07684
    27(H )                  0.02069                  0.08417
    28(C )                  0.04071                  0.15765
    29(C )                  0.04353                  0.19868
    30(C )                  0.01513                  0.05128
    31(H )                  0.02222                  0.08742
    32(H )                  0.02276                  0.09296
    33(C )                  0.02224                  0.09867
    34(H )                  0.01819                  0.07809
    35(C )                  0.03962                  0.19307
    36(H )                  0.02147                  0.09098
 
 Condensed local softnesses (Hartree*e) and relative electrophilicity/nucleophilicity (dimensionless)
     Atom         s-          s+          s0        s+/s-       s-/s+
     1(C )      0.1066      0.1033      0.1049      0.9689      1.0321
     2(C )      0.1616      0.1593      0.1605      0.9856      1.0147
     3(C )      0.0720      0.0741      0.0730      1.0283      0.9725
     4(C )      0.0285      0.0337      0.0311      1.1819      0.8461
     5(C )      0.0554      0.0702      0.0628      1.2682      0.7885
     6(C )      0.2085      0.1840      0.1962      0.8822      1.1335
     7(C )      0.0473      0.0403      0.0438      0.8507      1.1755
     8(C )      0.0473      0.0403      0.0438      0.8507      1.1755
     9(C )      0.0720      0.0741      0.0730      1.0283      0.9725
    10(C )      0.0285      0.0337      0.0311      1.1819      0.8461
    11(C )      0.1616      0.1593      0.1605      0.9856      1.0147
    12(C )      0.1018      0.0998      0.1008      0.9812      1.0191
    13(C )      0.1594      0.1675      0.1634      1.0513      0.9512
    14(C )      0.1044      0.0861      0.0953      0.8241      1.2134
    15(C )      0.1703      0.1890      0.1796      1.1102      0.9008
    16(C )      0.2146      0.2021      0.2083      0.9419      1.0617
    17(H )      0.1004      0.1057      0.1030      1.0523      0.9503
    18(H )      0.0944      0.1032      0.0988      1.0926      0.9153
    19(H )      0.0843      0.0844      0.0844      1.0013      0.9987
    20(H )      0.0983      0.0997      0.0990      1.0145      0.9857
    21(H )      0.0830      0.0833      0.0832      1.0042      0.9958
    22(H )      0.0909      0.0961      0.0935      1.0569      0.9462
    23(C )      0.1018      0.0998      0.1008      0.9812      1.0191
    24(C )      0.1594      0.1675      0.1634      1.0513      0.9512
    25(C )      0.1044      0.0861      0.0953      0.8241      1.2134
    26(H )      0.0830      0.0833      0.0832      1.0042      0.9958
    27(H )      0.0909      0.0961      0.0935      1.0569      0.9462
    28(C )      0.1703      0.1890      0.1796      1.1102      0.9008
    29(C )      0.2146      0.2021      0.2083      0.9419      1.0617
    30(C )      0.0554      0.0702      0.0628      1.2682      0.7885
    31(H )      0.0944      0.1032      0.0988      1.0926      0.9153
    32(H )      0.1004      0.1057      0.1030      1.0523      0.9503
    33(C )      0.1066      0.1033      0.1049      0.9689      1.0321
    34(H )      0.0843      0.0844      0.0844      1.0013      0.9987
    35(C )      0.2085      0.1840      0.1962      0.8822      1.1335
    36(H )      0.0983      0.0997      0.0990      1.0145      0.9857
 
 E(N):     -921.896854 Hartree
 E(N+1):   -921.896513 Hartree
 E(N-1):   -921.644877 Hartree
 E_HOMO(N):     -0.200344 Hartree,   -5.4516 eV
 E_HOMO(N+1):    0.051397 Hartree,    1.3986 eV
 E_HOMO(N-1):   -0.337486 Hartree,   -9.1835 eV
 Vertical IP:    0.251977 Hartree,    6.8567 eV
 Vertical EA:   -0.000341 Hartree,   -0.0093 eV
 Mulliken electronegativity:     0.125818 Hartree,    3.4237 eV
 Chemical potential:            -0.125818 Hartree,   -3.4237 eV
 Hardness (=fundamental gap):    0.252319 Hartree,    6.8659 eV
 Softness:    3.963242 Hartree^-1,    0.1456 eV^-1
 Electrophilicity index:    0.031369 Hartree,    0.8536 eV
 Nucleophilicity index:     0.134854 Hartree,    3.6696 eV
