   C	-3.40909584	1.52457765	-0.00001482
   C	-2.82906307	0.22944543	-0.00000847
   C	-1.41775846	0.11497540	0.00000106
   C	-0.60934284	1.28532021	0.00000318
   C	-1.21583765	2.56460303	0.00000053
   C	-2.63256050	2.64872634	-0.00000900
   C	-0.80850716	-1.17024479	0.00000635
   C	0.80850716	1.17024532	0.00000529
   C	1.41775793	-0.11497540	0.00000159
   C	0.60934284	-1.28532021	0.00000265
   C	2.82906307	-0.22944596	-0.00000688
   C	3.61021706	0.95540677	-0.00000106
   C	3.02499465	2.18992279	0.00000741
   C	1.61322965	2.33518512	0.00000847
   C	0.97764809	3.60400611	0.00000953
   C	-0.38418004	3.71449620	0.00000529
   H	-0.84985072	4.69193526	0.00000688
   H	1.59480264	4.49361709	0.00001376
   H	-4.48840470	1.60961167	-0.00002223
   H	-3.09445551	3.62797836	-0.00001217
   H	4.68920894	0.86585834	-0.00000053
   H	3.63854603	3.08202196	0.00001376
   C	-3.61021706	-0.95540677	-0.00000847
   C	-3.02499465	-2.18992331	0.00000370
   C	-1.61322965	-2.33518512	0.00001111
   H	-4.68920841	-0.86585781	-0.00002011
   H	-3.63854603	-3.08202249	0.00000688
   C	-0.97764809	-3.60400611	0.00001640
   C	0.38418004	-3.71449620	0.00000847
   C	1.21583818	-2.56460303	-0.00000106
   H	-1.59480264	-4.49361709	0.00002910
   H	0.84985125	-4.69193526	0.00001058
   C	3.40909584	-1.52457765	-0.00001905
   H	4.48840470	-1.60961167	-0.00003545
   C	2.63255997	-2.64872634	-0.00001588
   H	3.09445498	-3.62797889	-0.00002381
   C	-3.40909584	1.52457765	-0.00001482
   C	-2.82906307	0.22944543	-0.00000847
   C	-1.41775846	0.11497540	0.00000106
   C	-0.60934284	1.28532021	0.00000318
   C	-1.21583765	2.56460303	0.00000053
   C	-2.63256050	2.64872634	-0.00000900
   C	-0.80850716	-1.17024479	0.00000635
   C	0.80850716	1.17024532	0.00000529
   C	1.41775793	-0.11497540	0.00000159
   C	0.60934284	-1.28532021	0.00000265
   C	2.82906307	-0.22944596	-0.00000688
   C	3.61021706	0.95540677	-0.00000106
   C	3.02499465	2.18992279	0.00000741
   C	1.61322965	2.33518512	0.00000847
   C	0.97764809	3.60400611	0.00000953
   C	-0.38418004	3.71449620	0.00000529
   H	-0.84985072	4.69193526	0.00000688
   H	1.59480264	4.49361709	0.00001376
   H	-4.48840470	1.60961167	-0.00002223
   H	-3.09445551	3.62797836	-0.00001217
   H	4.68920894	0.86585834	-0.00000053
   H	3.63854603	3.08202196	0.00001376
   C	-3.61021706	-0.95540677	-0.00000847
   C	-3.02499465	-2.18992331	0.00000370
   C	-1.61322965	-2.33518512	0.00001111
   H	-4.68920841	-0.86585781	-0.00002011
   H	-3.63854603	-3.08202249	0.00000688
   C	-0.97764809	-3.60400611	0.00001640
   C	0.38418004	-3.71449620	0.00000847
   C	1.21583818	-2.56460303	-0.00000106
   H	-1.59480264	-4.49361709	0.00002910
   H	0.84985125	-4.69193526	0.00001058
   C	3.40909584	-1.52457765	-0.00001905
   H	4.48840470	-1.60961167	-0.00003545
   C	2.63255997	-2.64872634	-0.00001588
   H	3.09445498	-3.62797889	-0.00002381
