   C	2.42383130	-0.70585895	-0.00000159
   C	1.24061584	-1.39695862	0.00000053
   C	0.00001270	-0.71399134	0.00000106
   C	-0.00001376	0.71398711	0.00000159
   C	1.24060208	1.39695862	0.00000212
   C	2.42381807	0.70587430	-0.00000159
   H	-1.23913150	-2.47985265	0.00000688
   H	3.36449096	-1.24028034	-0.00000265
   H	1.23915478	-2.47984260	-0.00000106
   C	-1.24060843	-1.39696602	0.00000106
   C	-1.24061902	1.39696602	0.00000053
   H	1.23913891	2.47984630	-0.00000212
   H	3.36447561	1.24029992	-0.00000370
   C	-2.42382601	0.70586265	-0.00000159
   C	-2.42381490	-0.70587218	-0.00000212
   H	-1.23914103	2.47984842	0.00000529
   H	-3.36449942	1.24026235	-0.00000582
   H	-3.36447720	-1.24028934	-0.00000212
   C	2.42383130	-0.70585895	-0.00000159
   C	1.24061584	-1.39695862	0.00000053
   C	0.00001270	-0.71399134	0.00000106
   C	-0.00001376	0.71398711	0.00000159
   C	1.24060208	1.39695862	0.00000212
   C	2.42381807	0.70587430	-0.00000159
   H	-1.23913150	-2.47985265	0.00000688
   H	3.36449096	-1.24028034	-0.00000265
   H	1.23915478	-2.47984260	-0.00000106
   C	-1.24060843	-1.39696602	0.00000106
   C	-1.24061902	1.39696602	0.00000053
   H	1.23913891	2.47984630	-0.00000212
   H	3.36447561	1.24029992	-0.00000370
   C	-2.42382601	0.70586265	-0.00000159
   C	-2.42381490	-0.70587218	-0.00000212
   H	-1.23914103	2.47984842	0.00000529
   H	-3.36449942	1.24026235	-0.00000582
   H	-3.36447720	-1.24028934	-0.00000212
