   C	3.54776250	-0.29555766	0.00004868
   C	2.82731361	0.87498876	0.00014394
   C	1.41768331	0.86270444	0.00008043
   C	0.72658947	-0.37866019	-0.00001905
   C	1.49487757	-1.56076861	-0.00017092
   C	2.87126601	-1.52377700	-0.00013970
   C	0.67656528	2.08660781	0.00005609
   C	-0.72659106	-0.37865754	0.00000582
   C	-1.41768173	0.86270391	-0.00008573
   C	-0.67656528	2.08660728	-0.00007620
   C	-2.82731519	0.87498876	-0.00012065
   H	-3.33712826	1.83027117	-0.00021538
   C	-3.54776197	-0.29555661	-0.00002223
   C	-2.87126336	-1.52377912	0.00014182
   C	-1.49487863	-1.56077072	0.00015611
   H	1.22647093	3.01927001	0.00012489
   H	4.62919601	-0.27211247	0.00010107
   H	3.33712720	1.83027117	0.00025295
   H	1.00324968	-2.52227150	-0.00037360
   H	3.43298396	-2.44838036	-0.00028523
   H	-1.22646935	3.01927107	-0.00016140
   H	-4.62919548	-0.27211670	-0.00004392
   H	-3.43298925	-2.44837719	0.00027888
   H	-1.00324069	-2.52226779	0.00033603
   C	3.54776250	-0.29555766	0.00004868
   C	2.82731361	0.87498876	0.00014394
   C	1.41768331	0.86270444	0.00008043
   C	0.72658947	-0.37866019	-0.00001905
   C	1.49487757	-1.56076861	-0.00017092
   C	2.87126601	-1.52377700	-0.00013970
   C	0.67656528	2.08660781	0.00005609
   C	-0.72659106	-0.37865754	0.00000582
   C	-1.41768173	0.86270391	-0.00008573
   C	-0.67656528	2.08660728	-0.00007620
   C	-2.82731519	0.87498876	-0.00012065
   H	-3.33712826	1.83027117	-0.00021538
   C	-3.54776197	-0.29555661	-0.00002223
   C	-2.87126336	-1.52377912	0.00014182
   C	-1.49487863	-1.56077072	0.00015611
   H	1.22647093	3.01927001	0.00012489
   H	4.62919601	-0.27211247	0.00010107
   H	3.33712720	1.83027117	0.00025295
   H	1.00324968	-2.52227150	-0.00037360
   H	3.43298396	-2.44838036	-0.00028523
   H	-1.22646935	3.01927107	-0.00016140
   H	-4.62919548	-0.27211670	-0.00004392
   H	-3.43298925	-2.44837719	0.00027888
   H	-1.00324069	-2.52226779	0.00033603
