   C	3.64612015	0.71075384	-0.00002381
   C	2.47081854	1.40152700	0.00005345
   C	1.21886401	0.71988797	0.00004339
   C	1.21886560	-0.71988850	0.00002540
   C	2.47082012	-1.40152647	-0.00003016
   C	3.64612121	-0.71075066	-0.00007303
   C	-0.00000000	1.39826251	0.00003545
   C	0.00000106	-1.39826357	0.00003122
   C	-1.21886401	-0.71988955	0.00003069
   C	-1.21886507	0.71988744	0.00000953
   C	-2.47081906	1.40152753	-0.00003916
   H	-2.47003853	2.48429245	-0.00008996
   C	-3.64612068	0.71075278	-0.00006562
   C	-3.64612015	-0.71075119	-0.00000900
   C	-2.47081959	-1.40152753	0.00003598
   H	-0.00000635	2.48193179	0.00005133
   H	4.58866791	1.24174246	-0.00005345
   H	2.47003535	2.48429245	0.00010901
   H	2.47003800	-2.48429192	-0.00003704
   H	4.58866420	-1.24174881	-0.00013653
   H	-0.00000529	-2.48193285	0.00004551
   H	-4.58866526	1.24174722	-0.00010107
   H	-4.58866473	-1.24174617	-0.00002593
   H	-2.47004170	-2.48429245	0.00008943
   C	3.64612015	0.71075384	-0.00002381
   C	2.47081854	1.40152700	0.00005345
   C	1.21886401	0.71988797	0.00004339
   C	1.21886560	-0.71988850	0.00002540
   C	2.47082012	-1.40152647	-0.00003016
   C	3.64612121	-0.71075066	-0.00007303
   C	-0.00000000	1.39826251	0.00003545
   C	0.00000106	-1.39826357	0.00003122
   C	-1.21886401	-0.71988955	0.00003069
   C	-1.21886507	0.71988744	0.00000953
   C	-2.47081906	1.40152753	-0.00003916
   H	-2.47003853	2.48429245	-0.00008996
   C	-3.64612068	0.71075278	-0.00006562
   C	-3.64612015	-0.71075119	-0.00000900
   C	-2.47081959	-1.40152753	0.00003598
   H	-0.00000635	2.48193179	0.00005133
   H	4.58866791	1.24174246	-0.00005345
   H	2.47003535	2.48429245	0.00010901
   H	2.47003800	-2.48429192	-0.00003704
   H	4.58866420	-1.24174881	-0.00013653
   H	-0.00000529	-2.48193285	0.00004551
   H	-4.58866526	1.24174722	-0.00010107
   H	-4.58866473	-1.24174617	-0.00002593
   H	-2.47004170	-2.48429245	0.00008943
