   B	-1.25587784	1.46248663	-0.00010160
   H	-1.27661260	2.65279518	-0.00066941
   B	1.25587679	1.46248663	-0.00009896
   H	1.27661207	2.65279518	-0.00066200
   B	2.51195995	-0.71335527	-0.00006191
   H	3.54490230	-1.30762926	-0.00054082
   B	0.00000159	-0.70971665	0.00018627
   B	-2.51195836	-0.71335527	-0.00005980
   H	-3.54490071	-1.30763032	-0.00053817
   N	-2.47067090	0.71681398	0.00023390
   H	-3.34007366	1.22366841	-0.00009525
   N	-0.00000106	0.74871649	0.00005027
   N	2.47067037	0.71681451	0.00023495
   H	3.34007260	1.22367000	-0.00008890
   N	1.26314768	-1.39643420	0.00003757
   H	1.27374287	-2.40336537	-0.00045827
   N	-1.26314662	-1.39643526	0.00004075
   H	-1.27374869	-2.40336696	-0.00045245
   B	-1.25587784	1.46248663	-0.00010160
   H	-1.27661260	2.65279518	-0.00066941
   B	1.25587679	1.46248663	-0.00009896
   H	1.27661207	2.65279518	-0.00066200
   B	2.51195995	-0.71335527	-0.00006191
   H	3.54490230	-1.30762926	-0.00054082
   B	0.00000159	-0.70971665	0.00018627
   B	-2.51195836	-0.71335527	-0.00005980
   H	-3.54490071	-1.30763032	-0.00053817
   N	-2.47067090	0.71681398	0.00023390
   H	-3.34007366	1.22366841	-0.00009525
   N	-0.00000106	0.74871649	0.00005027
   N	2.47067037	0.71681451	0.00023495
   H	3.34007260	1.22367000	-0.00008890
   N	1.26314768	-1.39643420	0.00003757
   H	1.27374287	-2.40336537	-0.00045827
   N	-1.26314662	-1.39643526	0.00004075
   H	-1.27374869	-2.40336696	-0.00045245
