   C	3.51017292	-0.00000000	0.00036884
   C	2.82238855	-1.20580392	0.00030745
   C	1.42383235	-1.23146743	0.00015717
   C	0.71081893	-0.00000000	0.00006985
   C	1.42383235	1.23146796	0.00013071
   C	2.82238591	1.20580498	0.00028046
   C	0.67760035	-2.45494745	0.00008943
   C	-0.71081893	-0.00000000	-0.00007567
   C	-1.42383077	-1.23146743	-0.00013706
   C	-0.67759771	-2.45494798	-0.00005133
   C	-2.82238750	-1.20580498	-0.00027782
   H	-3.36743953	-2.14118926	-0.00032333
   C	-3.51017345	-0.00000212	-0.00035667
   C	-2.82238750	1.20580339	-0.00029793
   C	-1.42383394	1.23146796	-0.00015769
   C	-0.67759930	2.45494851	-0.00009419
   C	0.67759718	2.45494904	0.00004181
   H	1.22401026	3.38974277	0.00007991
   H	-1.22401396	3.38974171	-0.00015505
   H	1.22401185	-3.38974224	0.00015240
   H	4.59208481	0.00000159	0.00048578
   H	3.36744112	-2.14118768	0.00037836
   H	3.36744377	2.14118609	0.00032703
   H	-1.22401238	-3.38974065	-0.00010213
   H	-4.59208534	-0.00000053	-0.00046568
   H	-3.36744324	2.14118556	-0.00035984
   C	3.51017292	-0.00000000	0.00036884
   C	2.82238855	-1.20580392	0.00030745
   C	1.42383235	-1.23146743	0.00015717
   C	0.71081893	-0.00000000	0.00006985
   C	1.42383235	1.23146796	0.00013071
   C	2.82238591	1.20580498	0.00028046
   C	0.67760035	-2.45494745	0.00008943
   C	-0.71081893	-0.00000000	-0.00007567
   C	-1.42383077	-1.23146743	-0.00013706
   C	-0.67759771	-2.45494798	-0.00005133
   C	-2.82238750	-1.20580498	-0.00027782
   H	-3.36743953	-2.14118926	-0.00032333
   C	-3.51017345	-0.00000212	-0.00035667
   C	-2.82238750	1.20580339	-0.00029793
   C	-1.42383394	1.23146796	-0.00015769
   C	-0.67759930	2.45494851	-0.00009419
   C	0.67759718	2.45494904	0.00004181
   H	1.22401026	3.38974277	0.00007991
   H	-1.22401396	3.38974171	-0.00015505
   H	1.22401185	-3.38974224	0.00015240
   H	4.59208481	0.00000159	0.00048578
   H	3.36744112	-2.14118768	0.00037836
   H	3.36744377	2.14118609	0.00032703
   H	-1.22401238	-3.38974065	-0.00010213
   H	-4.59208534	-0.00000053	-0.00046568
   H	-3.36744324	2.14118556	-0.00035984
