 Note: the E(HOMO) of TCE used for evaluating nucleophilicity index is the value evaluated at B3LYP/6-31G* level
 
 Hirshfeld charges, condensed Fukui functions and condensed dual descriptors
 Units used below are "e" (elementary charge)
     Atom     q(N)    q(N+1)   q(N-1)     f-       f+       f0      CDD
     1(C )  -0.0436  -0.0920   0.0051   0.0487   0.0484   0.0486  -0.0002
     2(C )  -0.0409  -0.0802  -0.0013   0.0396   0.0393   0.0395  -0.0003
     3(C )  -0.0016  -0.0219   0.0177   0.0194   0.0203   0.0198   0.0009
     4(C )  -0.0016  -0.0219   0.0177   0.0194   0.0203   0.0198   0.0009
     5(C )  -0.0409  -0.0802  -0.0013   0.0396   0.0393   0.0395  -0.0003
     6(C )  -0.0436  -0.0920   0.0051   0.0487   0.0484   0.0486  -0.0002
     7(C )  -0.0407  -0.0983   0.0212   0.0619   0.0576   0.0598  -0.0044
     8(C )  -0.0407  -0.0983   0.0212   0.0619   0.0576   0.0598  -0.0044
     9(C )  -0.0032  -0.0153   0.0064   0.0096   0.0121   0.0109   0.0025
    10(C )  -0.0032  -0.0153   0.0064   0.0096   0.0121   0.0109   0.0025
    11(C )  -0.0407  -0.0983   0.0212   0.0619   0.0576   0.0598  -0.0044
    12(H )   0.0412   0.0149   0.0671   0.0259   0.0263   0.0261   0.0004
    13(C )  -0.0016  -0.0219   0.0177   0.0194   0.0203   0.0198   0.0009
    14(C )  -0.0407  -0.0983   0.0212   0.0619   0.0576   0.0598  -0.0044
    15(H )   0.0412   0.0149   0.0671   0.0259   0.0263   0.0261   0.0004
    16(H )   0.0440   0.0153   0.0715   0.0275   0.0287   0.0281   0.0012
    17(H )   0.0431   0.0197   0.0653   0.0222   0.0234   0.0228   0.0012
    18(H )   0.0431   0.0197   0.0653   0.0222   0.0234   0.0228   0.0012
    19(H )   0.0440   0.0153   0.0715   0.0275   0.0287   0.0281   0.0012
    20(H )   0.0412   0.0149   0.0671   0.0259   0.0263   0.0261   0.0004
    21(H )   0.0412   0.0149   0.0671   0.0259   0.0263   0.0261   0.0004
    22(C )  -0.0016  -0.0219   0.0177   0.0194   0.0203   0.0198   0.0009
    23(C )  -0.0409  -0.0802  -0.0013   0.0396   0.0393   0.0395  -0.0003
    24(C )  -0.0436  -0.0920   0.0051   0.0487   0.0484   0.0486  -0.0002
    25(H )   0.0431   0.0197   0.0653   0.0222   0.0234   0.0228   0.0012
    26(C )  -0.0409  -0.0802  -0.0013   0.0396   0.0393   0.0395  -0.0003
    27(C )  -0.0436  -0.0920   0.0051   0.0487   0.0484   0.0486  -0.0002
    28(H )   0.0440   0.0153   0.0715   0.0275   0.0287   0.0281   0.0012
    29(H )   0.0431   0.0197   0.0653   0.0222   0.0234   0.0228   0.0012
    30(H )   0.0440   0.0153   0.0715   0.0275   0.0287   0.0281   0.0012
 
 Condensed local electrophilicity/nucleophilicity index (e*eV)
     Atom              Electrophilicity          Nucleophilicity
     1(C )                  0.05040                  0.20753
     2(C )                  0.04093                  0.16892
     3(C )                  0.02110                  0.08257
     4(C )                  0.02110                  0.08257
     5(C )                  0.04093                  0.16892
     6(C )                  0.05040                  0.20753
     7(C )                  0.05989                  0.26411
     8(C )                  0.05989                  0.26411
     9(C )                  0.01262                  0.04090
    10(C )                  0.01262                  0.04090
    11(C )                  0.05989                  0.26412
    12(H )                  0.02735                  0.11054
    13(C )                  0.02109                  0.08255
    14(C )                  0.05989                  0.26413
    15(H )                  0.02735                  0.11054
    16(H )                  0.02984                  0.11735
    17(H )                  0.02433                  0.09448
    18(H )                  0.02433                  0.09448
    19(H )                  0.02984                  0.11735
    20(H )                  0.02735                  0.11054
    21(H )                  0.02735                  0.11054
    22(C )                  0.02109                  0.08255
    23(C )                  0.04093                  0.16894
    24(C )                  0.05040                  0.20753
    25(H )                  0.02433                  0.09448
    26(C )                  0.04093                  0.16894
    27(C )                  0.05039                  0.20753
    28(H )                  0.02984                  0.11735
    29(H )                  0.02433                  0.09448
    30(H )                  0.02984                  0.11735
 
 Condensed local softnesses (Hartree*e) and relative electrophilicity/nucleophilicity (dimensionless)
     Atom         s-          s+          s0        s+/s-       s-/s+
     1(C )      0.2304      0.2292      0.2298      0.9950      1.0050
     2(C )      0.1875      0.1862      0.1868      0.9928      1.0073
     3(C )      0.0917      0.0960      0.0938      1.0470      0.9551
     4(C )      0.0917      0.0960      0.0938      1.0470      0.9551
     5(C )      0.1875      0.1862      0.1868      0.9928      1.0072
     6(C )      0.2304      0.2292      0.2298      0.9950      1.0050
     7(C )      0.2932      0.2724      0.2828      0.9292      1.0762
     8(C )      0.2932      0.2724      0.2828      0.9292      1.0762
     9(C )      0.0454      0.0574      0.0514      1.2642      0.7910
    10(C )      0.0454      0.0574      0.0514      1.2642      0.7910
    11(C )      0.2932      0.2724      0.2828      0.9292      1.0762
    12(H )      0.1227      0.1244      0.1236      1.0140      0.9862
    13(C )      0.0916      0.0959      0.0938      1.0471      0.9550
    14(C )      0.2932      0.2724      0.2828      0.9292      1.0762
    15(H )      0.1227      0.1244      0.1236      1.0140      0.9862
    16(H )      0.1303      0.1357      0.1330      1.0419      0.9598
    17(H )      0.1049      0.1106      0.1078      1.0550      0.9479
    18(H )      0.1049      0.1106      0.1078      1.0550      0.9479
    19(H )      0.1303      0.1357      0.1330      1.0419      0.9598
    20(H )      0.1227      0.1244      0.1236      1.0140      0.9862
    21(H )      0.1227      0.1244      0.1236      1.0140      0.9862
    22(C )      0.0916      0.0960      0.0938      1.0471      0.9550
    23(C )      0.1875      0.1862      0.1869      0.9928      1.0073
    24(C )      0.2304      0.2292      0.2298      0.9951      1.0050
    25(H )      0.1049      0.1107      0.1078      1.0550      0.9479
    26(C )      0.1875      0.1862      0.1869      0.9928      1.0073
    27(C )      0.2304      0.2292      0.2298      0.9950      1.0050
    28(H )      0.1303      0.1357      0.1330      1.0419      0.9598
    29(H )      0.1049      0.1107      0.1078      1.0550      0.9479
    30(H )      0.1303      0.1357      0.1330      1.0419      0.9598
 
 E(N):     -693.165052 Hartree
 E(N+1):   -693.186529 Hartree
 E(N-1):   -692.932296 Hartree
 E_HOMO(N):     -0.178506 Hartree,   -4.8574 eV
 E_HOMO(N+1):    0.032217 Hartree,    0.8767 eV
 E_HOMO(N-1):   -0.337922 Hartree,   -9.1953 eV
 Vertical IP:    0.232756 Hartree,    6.3336 eV
 Vertical EA:    0.021477 Hartree,    0.5844 eV
 Mulliken electronegativity:     0.127116 Hartree,    3.4590 eV
 Chemical potential:            -0.127116 Hartree,   -3.4590 eV
 Hardness (=fundamental gap):    0.211279 Hartree,    5.7492 eV
 Softness:    4.733070 Hartree^-1,    0.1739 eV^-1
 Electrophilicity index:    0.038240 Hartree,    1.0406 eV
 Nucleophilicity index:     0.156692 Hartree,    4.2638 eV
