   C	4.86979068	0.71310286	0.00011854
   C	3.69797687	1.40386120	0.00007038
   C	2.44077026	0.72332127	0.00000582
   C	2.44077026	-0.72331862	-0.00001270
   C	3.69797899	-1.40385909	0.00003757
   C	4.86979121	-0.71309915	0.00009737
   C	1.23093613	1.40116452	-0.00005292
   C	1.23093825	-1.40116346	-0.00006138
   C	-0.00000953	-0.72348584	-0.00011219
   C	-0.00001058	0.72348531	-0.00012859
   C	-1.23093666	1.40114599	-0.00017727
   H	-1.23137905	2.48469568	-0.00038842
   C	-2.44079302	-0.72332391	-0.00005186
   C	-1.23093349	-1.40115975	-0.00015717
   H	1.23130814	2.48470732	-0.00001005
   H	5.81321899	1.24254893	0.00016987
   H	3.69769429	2.48661553	0.00009208
   H	3.69769588	-2.48661342	0.00002699
   H	5.81322058	-1.24254469	0.00012912
   H	1.23131238	-2.48470732	-0.00001746
   H	-1.23137641	-2.48470415	-0.00037095
   C	-2.44080360	0.72332921	-0.00006826
   C	-3.69794724	1.40384321	0.00006509
   C	-4.86979332	0.71307534	0.00013018
   H	-3.69768635	2.48659913	0.00016404
   C	-3.69793613	-1.40384057	0.00008520
   C	-4.86978327	-0.71307587	0.00013600
   H	-5.81319253	1.24257327	0.00021643
   H	-3.69768106	-2.48659701	0.00025295
   H	-5.81317348	-1.24259126	0.00019738
   C	4.86979068	0.71310286	0.00011854
   C	3.69797687	1.40386120	0.00007038
   C	2.44077026	0.72332127	0.00000582
   C	2.44077026	-0.72331862	-0.00001270
   C	3.69797899	-1.40385909	0.00003757
   C	4.86979121	-0.71309915	0.00009737
   C	1.23093613	1.40116452	-0.00005292
   C	1.23093825	-1.40116346	-0.00006138
   C	-0.00000953	-0.72348584	-0.00011219
   C	-0.00001058	0.72348531	-0.00012859
   C	-1.23093666	1.40114599	-0.00017727
   H	-1.23137905	2.48469568	-0.00038842
   C	-2.44079302	-0.72332391	-0.00005186
   C	-1.23093349	-1.40115975	-0.00015717
   H	1.23130814	2.48470732	-0.00001005
   H	5.81321899	1.24254893	0.00016987
   H	3.69769429	2.48661553	0.00009208
   H	3.69769588	-2.48661342	0.00002699
   H	5.81322058	-1.24254469	0.00012912
   H	1.23131238	-2.48470732	-0.00001746
   H	-1.23137641	-2.48470415	-0.00037095
   C	-2.44080360	0.72332921	-0.00006826
   C	-3.69794724	1.40384321	0.00006509
   C	-4.86979332	0.71307534	0.00013018
   H	-3.69768635	2.48659913	0.00016404
   C	-3.69793613	-1.40384057	0.00008520
   C	-4.86978327	-0.71307587	0.00013600
   H	-5.81319253	1.24257327	0.00021643
   H	-3.69768106	-2.48659701	0.00025295
   H	-5.81317348	-1.24259126	0.00019738
