   B	-2.90432583	0.92931304	0.00016193
   H	-3.49201897	1.96488381	0.00037677
   B	-0.72529669	2.15196014	0.00073397
   H	-1.29603816	3.19662958	0.00152350
   B	1.44207256	0.88166327	-0.00028417
   B	3.64002244	-0.33759656	-0.00087420
   H	4.83125387	-0.32587476	-0.00126738
   B	1.47638442	-1.60860147	0.00123616
   H	0.94068823	-2.67428613	0.00278347
   B	-0.74431214	-0.36356382	0.00013388
   B	-2.95319006	-1.57337837	-0.00071121
   H	-3.56658110	-2.59534029	-0.00140232
   N	-3.61340323	-0.30479128	-0.00045668
   H	-4.61931891	-0.28001837	-0.00072444
   N	-1.45890675	0.90851531	0.00036460
   N	0.69319415	2.10768282	0.00041858
   H	1.18989897	2.98369183	0.00078371
   N	2.88035886	0.86369559	-0.00129966
   H	3.37696419	1.73974006	-0.00247655
   N	2.89983788	-1.56158037	0.00071016
   H	3.40439780	-2.43216902	0.00147482
   N	0.71877193	-0.38248826	0.00031962
   N	-1.53078595	-1.56373570	-0.00041752
   H	-1.04948390	-2.44732095	-0.00052389
   B	-2.90432583	0.92931304	0.00016193
   H	-3.49201897	1.96488381	0.00037677
   B	-0.72529669	2.15196014	0.00073397
   H	-1.29603816	3.19662958	0.00152350
   B	1.44207256	0.88166327	-0.00028417
   B	3.64002244	-0.33759656	-0.00087420
   H	4.83125387	-0.32587476	-0.00126738
   B	1.47638442	-1.60860147	0.00123616
   H	0.94068823	-2.67428613	0.00278347
   B	-0.74431214	-0.36356382	0.00013388
   B	-2.95319006	-1.57337837	-0.00071121
   H	-3.56658110	-2.59534029	-0.00140232
   N	-3.61340323	-0.30479128	-0.00045668
   H	-4.61931891	-0.28001837	-0.00072444
   N	-1.45890675	0.90851531	0.00036460
   N	0.69319415	2.10768282	0.00041858
   H	1.18989897	2.98369183	0.00078371
   N	2.88035886	0.86369559	-0.00129966
   H	3.37696419	1.73974006	-0.00247655
   N	2.89983788	-1.56158037	0.00071016
   H	3.40439780	-2.43216902	0.00147482
   N	0.71877193	-0.38248826	0.00031962
   N	-1.53078595	-1.56373570	-0.00041752
   H	-1.04948390	-2.44732095	-0.00052389
