   B	0.54240139	1.34416895	0.00005556
   H	0.98813479	2.44939056	0.00005345
   B	-1.43584256	-0.20252830	0.00013282
   H	-2.61571944	-0.36890004	0.00019050
   B	0.89309562	-1.14169727	-0.00012012
   N	1.39367190	0.19654913	-0.00010795
   N	-0.86704105	1.10833635	0.00012065
   H	-1.48625675	1.90164766	0.00019738
   N	-0.52652554	-1.30484050	-0.00003863
   H	-0.90232024	-2.23842876	-0.00008837
   H	2.39019203	0.33703881	-0.00021643
   H	1.62695916	-2.08078051	-0.00029634
   B	0.54240139	1.34416895	0.00005556
   H	0.98813479	2.44939056	0.00005345
   B	-1.43584256	-0.20252830	0.00013282
   H	-2.61571944	-0.36890004	0.00019050
   B	0.89309562	-1.14169727	-0.00012012
   N	1.39367190	0.19654913	-0.00010795
   N	-0.86704105	1.10833635	0.00012065
   H	-1.48625675	1.90164766	0.00019738
   N	-0.52652554	-1.30484050	-0.00003863
   H	-0.90232024	-2.23842876	-0.00008837
   H	2.39019203	0.33703881	-0.00021643
   H	1.62695916	-2.08078051	-0.00029634
