   B	2.50667294	1.46886216	0.00108640
   H	2.52369551	2.65878282	0.00145577
   B	-0.00008996	1.46360373	-0.00173623
   H	0.00009102	2.65252848	-0.00241464
   B	-2.50693700	1.46879072	-0.00055987
   H	-2.52404371	2.65871297	-0.00069428
   B	-3.76979575	-0.70276432	0.00228816
   H	-4.80441030	-1.29427865	0.00438953
   B	-1.25732779	-0.70859215	-0.00136422
   B	1.25750824	-0.70872339	-0.00045562
   B	3.76989629	-0.70253148	0.00065142
   H	4.80454100	-1.29401300	0.00045086
   N	3.72418490	0.72722818	0.00169284
   H	4.59174402	1.23721852	0.00305812
   N	1.25271760	0.75019765	-0.00037942
   N	-1.25285677	0.75032942	-0.00221672
   N	-3.72433889	0.72706308	0.00123933
   H	-4.59195251	1.23695552	0.00292423
   N	-2.52345156	-1.39095404	0.00050484
   H	-2.53938985	-2.39777408	0.00131871
   N	0.00014235	-1.39454557	-0.00226541
   H	0.00028787	-2.40236311	-0.00074667
   N	2.52358862	-1.39092864	0.00006668
   H	2.53989522	-2.39772646	0.00021379
   B	2.50667294	1.46886216	0.00108640
   H	2.52369551	2.65878282	0.00145577
   B	-0.00008996	1.46360373	-0.00173623
   H	0.00009102	2.65252848	-0.00241464
   B	-2.50693700	1.46879072	-0.00055987
   H	-2.52404371	2.65871297	-0.00069428
   B	-3.76979575	-0.70276432	0.00228816
   H	-4.80441030	-1.29427865	0.00438953
   B	-1.25732779	-0.70859215	-0.00136422
   B	1.25750824	-0.70872339	-0.00045562
   B	3.76989629	-0.70253148	0.00065142
   H	4.80454100	-1.29401300	0.00045086
   N	3.72418490	0.72722818	0.00169284
   H	4.59174402	1.23721852	0.00305812
   N	1.25271760	0.75019765	-0.00037942
   N	-1.25285677	0.75032942	-0.00221672
   N	-3.72433889	0.72706308	0.00123933
   H	-4.59195251	1.23695552	0.00292423
   N	-2.52345156	-1.39095404	0.00050484
   H	-2.53938985	-2.39777408	0.00131871
   N	0.00014235	-1.39454557	-0.00226541
   H	0.00028787	-2.40236311	-0.00074667
   N	2.52358862	-1.39092864	0.00006668
   H	2.53989522	-2.39772646	0.00021379
