 Note: the E(HOMO) of TCE used for evaluating nucleophilicity index is the value evaluated at B3LYP/6-31G* level
 
 Hirshfeld charges, condensed Fukui functions and condensed dual descriptors
 Units used below are "e" (elementary charge)
     Atom     q(N)    q(N+1)   q(N-1)     f-       f+       f0      CDD
     1(B )   0.2009   0.1452   0.2228   0.0219   0.0558   0.0388   0.0339
     2(B )   0.1540   0.0552   0.1830   0.0289   0.0989   0.0639   0.0699
     3(H )  -0.0694  -0.1033  -0.0484   0.0210   0.0339   0.0275   0.0129
     4(B )   0.1541   0.0552   0.1881   0.0340   0.0989   0.0664   0.0649
     5(H )  -0.0694  -0.1033  -0.0455   0.0239   0.0339   0.0289   0.0100
     6(B )   0.2009   0.1451   0.2233   0.0224   0.0558   0.0391   0.0334
     7(B )   0.1540   0.0925   0.1880   0.0340   0.0615   0.0478   0.0275
     8(H )  -0.0694  -0.0953  -0.0455   0.0239   0.0259   0.0249   0.0019
     9(B )   0.1540   0.1059   0.1829   0.0289   0.0481   0.0385   0.0191
    10(H )  -0.0694  -0.0909  -0.0484   0.0210   0.0215   0.0212   0.0005
    11(B )   0.2010   0.1870   0.2228   0.0219   0.0139   0.0179  -0.0079
    12(B )   0.1540   0.1061   0.1864   0.0324   0.0479   0.0401   0.0155
    13(H )  -0.0694  -0.0908  -0.0496   0.0198   0.0214   0.0206   0.0016
    14(B )   0.1540   0.0926   0.1864   0.0324   0.0614   0.0469   0.0290
    15(H )  -0.0694  -0.0953  -0.0496   0.0198   0.0258   0.0228   0.0060
    16(B )   0.2164   0.2058   0.2314   0.0150   0.0106   0.0128  -0.0045
    17(B )   0.2164   0.1997   0.2314   0.0150   0.0166   0.0158   0.0016
    18(B )   0.2164   0.1997   0.2296   0.0133   0.0166   0.0150   0.0034
    19(N )  -0.2107  -0.2250  -0.1715   0.0392   0.0143   0.0268  -0.0249
    20(H )   0.1266   0.1102   0.1476   0.0211   0.0164   0.0187  -0.0046
    21(N )  -0.2107  -0.2307  -0.1823   0.0283   0.0201   0.0242  -0.0083
    22(H )   0.1266   0.1064   0.1470   0.0205   0.0202   0.0203  -0.0002
    23(N )  -0.2060  -0.2151  -0.1555   0.0505   0.0091   0.0298  -0.0414
    24(N )  -0.2106  -0.2307  -0.1453   0.0654   0.0201   0.0427  -0.0453
    25(H )   0.1266   0.1064   0.1541   0.0275   0.0202   0.0239  -0.0073
    26(N )  -0.2107  -0.2250  -0.1453   0.0654   0.0144   0.0399  -0.0510
    27(H )   0.1266   0.1102   0.1541   0.0275   0.0164   0.0220  -0.0111
    28(N )  -0.2060  -0.2146  -0.1555   0.0504   0.0086   0.0295  -0.0418
    29(N )  -0.2106  -0.2280  -0.1824   0.0282   0.0174   0.0228  -0.0109
    30(H )   0.1266   0.1103   0.1471   0.0204   0.0163   0.0184  -0.0042
    31(N )  -0.2106  -0.2279  -0.1715   0.0391   0.0174   0.0282  -0.0217
    32(H )   0.1266   0.1103   0.1476   0.0210   0.0163   0.0186  -0.0048
    33(N )  -0.2060  -0.2146  -0.2012   0.0048   0.0086   0.0067   0.0038
    34(N )  -0.2124  -0.2184  -0.1833   0.0291   0.0060   0.0176  -0.0231
    35(N )  -0.2124  -0.2184  -0.2096   0.0028   0.0060   0.0044   0.0032
    36(N )  -0.2124  -0.2162  -0.1832   0.0292   0.0038   0.0165  -0.0254
 
 Condensed local electrophilicity/nucleophilicity index (e*eV)
     Atom              Electrophilicity          Nucleophilicity
     1(B )                  0.03123                  0.05234
     2(B )                  0.05536                  0.06927
     3(H )                  0.01900                  0.05029
     4(B )                  0.05536                  0.08140
     5(H )                  0.01900                  0.05733
     6(B )                  0.03125                  0.05358
     7(B )                  0.03444                  0.08141
     8(H )                  0.01449                  0.05733
     9(B )                  0.02691                  0.06924
    10(H )                  0.01202                  0.05026
    11(B )                  0.00779                  0.05232
    12(B )                  0.02682                  0.07747
    13(H )                  0.01200                  0.04740
    14(B )                  0.03437                  0.07750
    15(H )                  0.01447                  0.04742
    16(B )                  0.00591                  0.03598
    17(B )                  0.00931                  0.03597
    18(B )                  0.00932                  0.03178
    19(N )                  0.00803                  0.09387
    20(H )                  0.00920                  0.05040
    21(N )                  0.01124                  0.06785
    22(H )                  0.01132                  0.04899
    23(N )                  0.00509                  0.12088
    24(N )                  0.01124                  0.15646
    25(H )                  0.01132                  0.06591
    26(N )                  0.00804                  0.15651
    27(H )                  0.00920                  0.06591
    28(N )                  0.00482                  0.12074
    29(N )                  0.00973                  0.06761
    30(H )                  0.00912                  0.04894
    31(N )                  0.00972                  0.09352
    32(H )                  0.00911                  0.05032
    33(N )                  0.00482                  0.01147
    34(N )                  0.00338                  0.06971
    35(N )                  0.00338                  0.00677
    36(N )                  0.00211                  0.06988
 
 Condensed local softnesses (Hartree*e) and relative electrophilicity/nucleophilicity (dimensionless)
     Atom         s-          s+          s0        s+/s-       s-/s+
     1(B )      0.0610      0.1557      0.1084      2.5513      0.3920
     2(B )      0.0808      0.2760      0.1784      3.4168      0.2927
     3(H )      0.0586      0.0947      0.0767      1.6149      0.6192
     4(B )      0.0949      0.2760      0.1854      2.9077      0.3439
     5(H )      0.0669      0.0947      0.0808      1.4166      0.7059
     6(B )      0.0625      0.1558      0.1091      2.4936      0.4010
     7(B )      0.0949      0.1717      0.1333      1.8087      0.5529
     8(H )      0.0668      0.0722      0.0695      1.0805      0.9255
     9(B )      0.0807      0.1341      0.1074      1.6614      0.6019
    10(H )      0.0586      0.0599      0.0593      1.0223      0.9781
    11(B )      0.0610      0.0389      0.0499      0.6370      1.5699
    12(B )      0.0903      0.1337      0.1120      1.4800      0.6757
    13(H )      0.0553      0.0598      0.0575      1.0824      0.9239
    14(B )      0.0904      0.1713      0.1308      1.8959      0.5275
    15(H )      0.0553      0.0722      0.0637      1.3048      0.7664
    16(B )      0.0419      0.0295      0.0357      0.7027      1.4231
    17(B )      0.0419      0.0464      0.0442      1.1070      0.9033
    18(B )      0.0371      0.0465      0.0418      1.2536      0.7977
    19(N )      0.1095      0.0400      0.0747      0.3656      2.7350
    20(H )      0.0588      0.0458      0.0523      0.7802      1.2817
    21(N )      0.0791      0.0560      0.0676      0.7082      1.4121
    22(H )      0.0571      0.0564      0.0568      0.9880      1.0121
    23(N )      0.1409      0.0254      0.0832      0.1799      5.5577
    24(N )      0.1824      0.0560      0.1192      0.3072      3.2555
    25(H )      0.0769      0.0564      0.0666      0.7344      1.3616
    26(N )      0.1825      0.0401      0.1113      0.2196      4.5533
    27(H )      0.0769      0.0459      0.0614      0.5969      1.6752
    28(N )      0.1408      0.0240      0.0824      0.1706      5.8602
    29(N )      0.0788      0.0485      0.0637      0.6153      1.6251
    30(H )      0.0571      0.0454      0.0513      0.7964      1.2557
    31(N )      0.1090      0.0485      0.0787      0.4444      2.2505
    32(H )      0.0587      0.0454      0.0520      0.7738      1.2922
    33(N )      0.0134      0.0240      0.0187      1.7962      0.5567
    34(N )      0.0813      0.0169      0.0491      0.2074      4.8214
    35(N )      0.0079      0.0169      0.0124      2.1342      0.4686
    36(N )      0.0815      0.0105      0.0460      0.1293      7.7352
 
 E(N):     -963.733580 Hartree
 E(N+1):   -963.675880 Hartree
 E(N-1):   -963.433030 Hartree
 E_HOMO(N):     -0.247222 Hartree,   -6.7273 eV
 E_HOMO(N+1):    0.107315 Hartree,    2.9202 eV
 E_HOMO(N-1):   -0.374485 Hartree,  -10.1903 eV
 Vertical IP:    0.300550 Hartree,    8.1784 eV
 Vertical EA:   -0.057700 Hartree,   -1.5701 eV
 Mulliken electronegativity:     0.121425 Hartree,    3.3041 eV
 Chemical potential:            -0.121425 Hartree,   -3.3041 eV
 Hardness (=fundamental gap):    0.358250 Hartree,    9.7485 eV
 Softness:    2.791349 Hartree^-1,    0.1026 eV^-1
 Electrophilicity index:    0.020578 Hartree,    0.5599 eV
 Nucleophilicity index:     0.087976 Hartree,    2.3939 eV
