   B	0.04402014	-2.89438047	0.00000582
   B	2.55503868	-2.85824719	0.00000847
   H	3.58538065	-3.45494746	0.00001799
   B	3.77504783	-0.66889274	0.00001852
   H	4.82452591	-1.23119966	0.00003863
   B	2.48471208	1.48538572	-0.00000688
   B	1.19783239	3.64172639	-0.00001323
   H	1.19924053	4.83236673	-0.00004763
   B	-1.30818225	3.60351132	-0.00001376
   H	-1.34595545	4.79353253	-0.00002858
   B	-2.52877773	1.40904132	0.00002858
   B	-3.75286949	-0.78349243	-0.00000423
   H	-4.78474448	-1.37749071	-0.00002275
   B	-2.46690157	-2.93459689	-0.00002752
   H	-3.47874456	-3.56215930	-0.00005768
   B	1.26622749	-0.70557266	0.00000847
   B	-0.02203441	1.44917253	0.00001111
   B	-1.24410047	-0.74371735	0.00001111
   N	-1.20944572	-3.59667435	-0.00002910
   H	-1.20880435	-4.60372194	0.00003016
   N	1.31824297	-3.55816877	-0.00001005
   H	1.34846428	-4.56472899	0.00002275
   N	2.53865430	-1.41451725	0.00001217
   N	3.71967949	0.75112795	0.00000318
   H	4.59157944	1.25500999	0.00001905
   N	2.42245544	2.92075625	-0.00002858
   H	3.27908810	3.45012559	-0.00003598
   N	-0.04422599	2.90552442	-0.00000370
   N	-2.51031103	2.84563214	0.00000794
   H	-3.38267719	3.34867226	0.00005451
   N	-3.74078043	0.63752100	0.00001217
   H	-4.62755662	1.11465896	0.00004022
   N	-2.49434999	-1.49106432	-0.00000370
   N	0.02203547	-1.44575775	0.00000159
   N	1.24117465	0.74185623	0.00000000
   N	-1.26310799	0.70379198	0.00001482
   B	0.04402014	-2.89438047	0.00000582
   B	2.55503868	-2.85824719	0.00000847
   H	3.58538065	-3.45494746	0.00001799
   B	3.77504783	-0.66889274	0.00001852
   H	4.82452591	-1.23119966	0.00003863
   B	2.48471208	1.48538572	-0.00000688
   B	1.19783239	3.64172639	-0.00001323
   H	1.19924053	4.83236673	-0.00004763
   B	-1.30818225	3.60351132	-0.00001376
   H	-1.34595545	4.79353253	-0.00002858
   B	-2.52877773	1.40904132	0.00002858
   B	-3.75286949	-0.78349243	-0.00000423
   H	-4.78474448	-1.37749071	-0.00002275
   B	-2.46690157	-2.93459689	-0.00002752
   H	-3.47874456	-3.56215930	-0.00005768
   B	1.26622749	-0.70557266	0.00000847
   B	-0.02203441	1.44917253	0.00001111
   B	-1.24410047	-0.74371735	0.00001111
   N	-1.20944572	-3.59667435	-0.00002910
   H	-1.20880435	-4.60372194	0.00003016
   N	1.31824297	-3.55816877	-0.00001005
   H	1.34846428	-4.56472899	0.00002275
   N	2.53865430	-1.41451725	0.00001217
   N	3.71967949	0.75112795	0.00000318
   H	4.59157944	1.25500999	0.00001905
   N	2.42245544	2.92075625	-0.00002858
   H	3.27908810	3.45012559	-0.00003598
   N	-0.04422599	2.90552442	-0.00000370
   N	-2.51031103	2.84563214	0.00000794
   H	-3.38267719	3.34867226	0.00005451
   N	-3.74078043	0.63752100	0.00001217
   H	-4.62755662	1.11465896	0.00004022
   N	-2.49434999	-1.49106432	-0.00000370
   N	0.02203547	-1.44575775	0.00000159
   N	1.24117465	0.74185623	0.00000000
   N	-1.26310799	0.70379198	0.00001482
