   B	-2.91770872	-1.25523754	-0.00013812
   H	-3.53158079	-2.27519864	-0.00034661
   B	-0.74862070	-2.51036236	0.00032227
   H	-1.32872174	-3.55004167	0.00033074
   B	1.42776996	-1.25443213	0.00002858
   B	3.60465223	-0.00001852	-0.00051489
   H	4.79659753	-0.00003228	-0.00063290
   B	1.42778319	1.25446282	0.00022014
   B	-0.74863658	2.51035390	0.00008784
   H	-1.32875137	3.55002738	-0.00005927
   B	-2.91772195	1.25521796	-0.00025559
   H	-3.53160672	2.27517112	-0.00057416
   B	-0.74758828	0.00000318	0.00006244
   N	-3.59409832	-0.00001429	-0.00015769
   H	-4.60072151	-0.00001799	-0.00044610
   N	-1.47639500	-1.26088756	0.00006456
   N	0.67054431	-2.47746976	0.00024818
   H	1.15989144	-3.35758784	-0.00000000
   N	2.86404962	-1.21872431	-0.00019156
   H	3.37755211	-2.08466784	-0.00074455
   N	2.86408190	1.21871108	0.00002328
   H	3.37768493	2.08459693	-0.00003016
   N	0.67053160	2.47750310	0.00027835
   H	1.15977502	3.35768045	0.00042387
   N	-1.47640929	1.26087910	-0.00003598
   N	0.69915745	0.00002117	0.00020109
   B	-2.91770872	-1.25523754	-0.00013812
   H	-3.53158079	-2.27519864	-0.00034661
   B	-0.74862070	-2.51036236	0.00032227
   H	-1.32872174	-3.55004167	0.00033074
   B	1.42776996	-1.25443213	0.00002858
   B	3.60465223	-0.00001852	-0.00051489
   H	4.79659753	-0.00003228	-0.00063290
   B	1.42778319	1.25446282	0.00022014
   B	-0.74863658	2.51035390	0.00008784
   H	-1.32875137	3.55002738	-0.00005927
   B	-2.91772195	1.25521796	-0.00025559
   H	-3.53160672	2.27517112	-0.00057416
   B	-0.74758828	0.00000318	0.00006244
   N	-3.59409832	-0.00001429	-0.00015769
   H	-4.60072151	-0.00001799	-0.00044610
   N	-1.47639500	-1.26088756	0.00006456
   N	0.67054431	-2.47746976	0.00024818
   H	1.15989144	-3.35758784	-0.00000000
   N	2.86404962	-1.21872431	-0.00019156
   H	3.37755211	-2.08466784	-0.00074455
   N	2.86408190	1.21871108	0.00002328
   H	3.37768493	2.08459693	-0.00003016
   N	0.67053160	2.47750310	0.00027835
   H	1.15977502	3.35768045	0.00042387
   N	-1.47640929	1.26087910	-0.00003598
   N	0.69915745	0.00002117	0.00020109
