   C	-1.18491570	-0.72826537	0.00000106
   C	0.03835900	-1.39018091	0.00000000
   C	1.22318951	-0.66196105	0.00000582
   C	1.18488448	0.72831670	0.00000053
   C	-0.03829973	1.39018250	-0.00000318
   C	-1.22321808	0.66190919	0.00000000
   H	-2.10659060	-1.29507189	-0.00000529
   H	0.06815909	-2.47179698	-0.00001217
   H	2.17485288	-1.17682776	-0.00001270
   H	2.10663399	1.29500098	-0.00000423
   H	-0.06823794	2.47179434	-0.00000053
   H	-2.17481425	1.17690026	0.00000741
   C	-1.18491570	-0.72826537	0.00000106
   C	0.03835900	-1.39018091	0.00000000
   C	1.22318951	-0.66196105	0.00000582
   C	1.18488448	0.72831670	0.00000053
   C	-0.03829973	1.39018250	-0.00000318
   C	-1.22321808	0.66190919	0.00000000
   H	-2.10659060	-1.29507189	-0.00000529
   H	0.06815909	-2.47179698	-0.00001217
   H	2.17485288	-1.17682776	-0.00001270
   H	2.10663399	1.29500098	-0.00000423
   H	-0.06823794	2.47179434	-0.00000053
   H	-2.17481425	1.17690026	0.00000741
